10.825
6.76
6.365
6.085
5.5625
5.455
4.675
4.5425
4.5
4.3225
4.2275
3.9275
3.8325
3.7025
3.175
3.1225
2.735
2.6125
2.5975
2.5425
2.1725
1.9025
1.8125
1.685
-1.7325
-1.7775
-1.84
-1.8975
-1.925
-1.945
-1.9925
-2.1275
-2.1325
-2.1575
-2.1725
-2.2325
-2.27
-2.2975
-2.3
-2.32
-2.35
-2.3525
-2.3575
-2.39
-2.4225
-2.425
-2.46
-2.475
-2.4925
-2.495
-2.5175
-2.5175
-2.535
-2.5525
-2.5925
-2.6125
-2.625
-2.67
-2.685
-2.6925
-2.7425
-2.755
-2.76
-2.765
-2.785
-2.795
-2.8225
-2.8225
-2.865
-2.8825
-2.91750000000001
-2.9225
-3
-3.07
-3.08
-3.1025
-3.1025
-3.12
-3.1225
-3.13749999999999
-3.1625
-3.175
-3.1775
-3.2225
-3.23
-3.245
-3.255
-3.2675
-3.2925
-3.3175
-3.3225
-3.36
-3.37
-3.38
-3.3825
-3.405
-3.4225
-3.4925
-3.5025
-3.5425
-3.545
-3.555
-3.5825
-3.5975
-3.6
-3.61
-3.63
-3.6325
-3.635
-3.68750000000001
-3.69
-3.695
-3.71499999999999
-3.7325
-3.7775
-3.8425
-3.845
-3.865
-3.8875
-3.93000000000001
-3.9325
-3.9375
-3.9425
-3.98
-3.99
-3.995
-4.0075
-4.025
-4.0375
-4.0525
-4.0525
-4.135
-4.1425
-4.1575
-4.1875
-4.1925
-4.20250000000001
-4.20250000000001
-4.2325
-4.235
-4.265
-4.295
-4.325
-4.3275
-4.3375
-4.4025
-4.4125
-4.475
-4.5125
-4.5525
-4.5575
-4.5725
-4.5925
-4.6025
-4.6575
-4.665
-4.665
-4.68
-4.6825
-4.7175
-4.73
-4.8125
-4.8275
-4.8375
-4.8525
-4.8575
-4.895
-4.9225
-4.925
-4.9775
-4.9825
-4.9925
-4.995
-5
-5.02
-5.025
-5.0725
-5.2225
-5.2925
-5.3175
-5.365
-5.41
-5.54
-5.59
-5.6075
-5.72
-5.7225
-5.785
-5.8325
-5.8825
-5.9125
-5.9225
-6.06
-6.14
-6.1575
-6.1625
-6.175
-6.42
-6.5775
-6.715
-6.7175
-6.865
-6.9
-7.1575
-7.3175
-7.4775
-7.76
-7.7825
-8.035
-8.665
-9.3575
-9.525
-10.53
