6.4575
6.385
5.305
5.0275
4.64
4.1275
3.7425
3.735
3.255
3.245
3.23
3.16499999999999
3.055
2.235
2.1125
1.8575
-1.83
-1.8425
-1.905
-1.9475
-2.01
-2.1275
-2.1825
-2.2075
-2.2975
-2.405
-2.455
-2.4675
-2.5125
-2.585
-2.6075
-2.6225
-2.65
-2.6825
-2.6925
-2.7025
-2.7275
-2.74
-2.7725
-2.9175
-2.96
-2.9775
-2.98
-3.0475
-3.0625
-3.0875
-3.21
-3.2425
-3.2725
-3.275
-3.28
-3.34
-3.4225
-3.425
-3.4475
-3.465
-3.52
-3.535
-3.545
-3.55000000000001
-3.625
-3.735
-3.7425
-3.7425
-3.7875
-3.805
-3.815
-3.845
-3.8475
-3.8625
-3.9125
-3.99
-3.99
-4.02
-4.1125
-4.1925
-4.2075
-4.235
-4.27
-4.27
-4.28
-4.34
-4.3775
-4.395
-4.405
-4.415
-4.485
-4.545
-4.57
-4.5825
-4.6375
-4.6825
-4.7125
-4.7325
-4.865
-4.95
-4.97
-5.0275
-5.475
-5.5425
-5.55
-5.6925
-5.6975
-5.7725
-5.815
-5.835
-6
-6.04
-6.4175
-6.59
-6.6925
-7.05
-7.11
-7.1375
-7.975
-8.105
-8.7175
-9.0175
-9.6375
